oracle,generated_summary
"This Black & Decker steamer is highly recommended for steaming rice and vegetables. It comes in a traditional design that has been popular for many years. It is suitable for frequent use, has a large basket and is easy to clean.","This steamer is a great size for steaming vegetables and rice. It is easy to use and has a large basket that can be used to steam multiple vegetables at the same time. The steamer has a clear lid and is recommended by many reviewers. Overall, it is a good quality steamer that is recommended."
This is a high quality and very versatile Black & Decker steamer. It is a good size and has a great basket which allows it to steam more than one type of food simultaneously. Highly recommended steamer for daily use.,"This steamer is a great size for steaming vegetables and rice. It is easy to use and has a large basket that can be used to steam multiple vegetables at the same time. The steamer has a clear lid and is recommended by many reviewers. Overall, it is a good quality steamer that is recommended."
"This steamer is the same model Black and Decker has made for years, largely unchanged. It is versatile and can be used to steam vegetables, make rice, and cook other things, and can steam multiple items at once. It is highly recommended, and should last for years of daily use.","This steamer is a great size for steaming vegetables and rice. It is easy to use and has a large basket that can be used to steam multiple vegetables at the same time. The steamer has a clear lid and is recommended by many reviewers. Overall, it is a good quality steamer that is recommended."
"These tights are great. They are durable and do not tear easily, they can be worn and washed without worry. The bottoms of can be pulled up easily so that sandals can be worn with them. It might be a good idea to order a size bigger because they can be a little tight in the waist. Overall, these tights are definitely recommended.","These are great tights for ballet. They are soft and comfortable. They don't squish the toes and can be worn with sandals or ballet slippers. The colors are nice and the material is durable. They will last a long time and are recommended for those with chubby feet. Overall, this product is highly recommended."
"These transition tights are perfect for children sensitive to the tight sensation other tights have around the foot.  The material is soft and durable; they stand up well to both the rough nature of children, and the washing machine.  This product does tend to run slightly small, so purchasing one size up is recommended.","These are great tights for ballet. They are soft and comfortable. They don't squish the toes and can be worn with sandals or ballet slippers. The colors are nice and the material is durable. They will last a long time and are recommended for those with chubby feet. Overall, this product is highly recommended."
Great soft feeling fabric and beautiful color tights. The best feature of the tights is that foot area can be pulled up quickly to allow bare feet and toes to be free. Check the sizing around the waist to allow a comfortable fit.,"These are great tights for ballet. They are soft and comfortable. They don't squish the toes and can be worn with sandals or ballet slippers. The colors are nice and the material is durable. They will last a long time and are recommended for those with chubby feet. Overall, this product is highly recommended."
"This 100 pack of DVDs contains many high quality DVDs although some DVDs may be unusable or low quality. The DVDs are not actually gold, they are silver. The pack is recommended if large quantities of DVDs are needed on a usual basis. Otherwise, a smaller pack may be more suitable.","This is a good quality DVD. The quality is high and the price is reasonable. However, the packaging is too big and allows the spindle to bounce around in the box, making it difficult to burn a DVD. After about 30 minutes of a DVD, it begins to get choppy and become unviewable. Overall, this is not recommended."
"Unlike the description of gold-colored discs, these HP DVD+R discs are actually silver in color, probably because HP stopped producing the gold-color discs. The reliability of HP DVD+R discs is generally high, but may be hit-or-miss with these discs specifically. Despite the caveats, these discs are generally recommended.","This is a good quality DVD. The quality is high and the price is reasonable. However, the packaging is too big and allows the spindle to bounce around in the box, making it difficult to burn a DVD. After about 30 minutes of a DVD, it begins to get choppy and become unviewable. Overall, this is not recommended."
"These DVDs are good quality from a reliable brand. However, they are the silver coated, not gold coated version. The packs may contain some coasters or an occasion disc which won't play. For casual burners this can be negated by the large number of DVDs available in each pack.","This is a good quality DVD. The quality is high and the price is reasonable. However, the packaging is too big and allows the spindle to bounce around in the box, making it difficult to burn a DVD. After about 30 minutes of a DVD, it begins to get choppy and become unviewable. Overall, this is not recommended."
"This is a sturdy, durable backpack that's functional and comfortable. There's room for an SLR- sized camera, and also room for a few personal effects, although it does lack much room for extra equipment. Will work perfectly for a casual day trip.","This backpack is comfortable to wear and is very durable. It can hold multiple lenses, including a 70-300mm. However, the bag is too small to carry a DSLR. It is recommended for carry on a long trip or for casual use."
"This is a comfortable camera backpack that is able to hold one camera and a few accessories. The sides can be used for personal items if needed. While the straps and back are padded, there is no padding on the interior bottom of the backpack. It is comfortable to wear even though it is a little smaller than expected. The price is okay.","This backpack is comfortable to wear and is very durable. It can hold multiple lenses, including a 70-300mm. However, the bag is too small to carry a DSLR. It is recommended for carry on a long trip or for casual use."
"This backpack is compact, durable and can hold a camera along, multiple lenses and has space for other accessories. It's a solid bag for outings and is comfortable with a padded back and padded straps. However, the bottom of the bag lacks padding which means less protection when setting the bag down. Overall, a good quality backpack which is recommended.","This backpack is comfortable to wear and is very durable. It can hold multiple lenses, including a 70-300mm. However, the bag is too small to carry a DSLR. It is recommended for carry on a long trip or for casual use."
"Can be a little pricey at $3.80 per bar, but these NuGo bars offer a low calorie, low glycemic index snack that is healthy and still taste great. Taste is reminiscent of Rice Krispie treats, especially the variety with vanilla frosting. Some stores don't carry these bars, but they are available easily online.","These NuGo bars are high in protein and low in calories. They are good for filling up on a snack or for having a quick meal. They have a nice, sweet flavor and are low in sugar. They can be used as a meal replacement or as a snack. The price is reasonable and they can be ordered online."
"At just 170 calories each, NuGo bars are nice to have for a meal or a snack. The texture is similar to Rice Krispie Treats and they even taste like them. It's hard to believe this is a healthy, soy-based food! They're great to keep handy in case a quick pick-me-up is needed.","These NuGo bars are high in protein and low in calories. They are good for filling up on a snack or for having a quick meal. They have a nice, sweet flavor and are low in sugar. They can be used as a meal replacement or as a snack. The price is reasonable and they can be ordered online."
"Excellent tasting protein bar, some flavors even taste like dessert. Perfect snack for both children and adults. Not only are NuGo bars delicious, they are also a healthy snack or meal replacement.  They can be a difficult to find in stores or in a particular flavor however,  they are easy to order online. NuGo bars are well worth the higher price .","These NuGo bars are high in protein and low in calories. They are good for filling up on a snack or for having a quick meal. They have a nice, sweet flavor and are low in sugar. They can be used as a meal replacement or as a snack. The price is reasonable and they can be ordered online."
"The tablets provide a good pump when they actually decide to stay tablets. They tend to seemingly break apart in the container, just leaving powder behind. It is at a great price, at least.","This supplement is highly recommended. The price is reasonable and the quality is high quality. However, the tablets tend to blow up when taken out of the container. This is not recommended for those who are sensitive to chemicals."
These are great for many things including libido and workouts. One downfall of these are they they are difficult to take anywhere because the tablets are a bit loose and turn to powder making them tough to take.,"This supplement is highly recommended. The price is reasonable and the quality is high quality. However, the tablets tend to blow up when taken out of the container. This is not recommended for those who are sensitive to chemicals."
"These pills work extremely well when it comes to vascularity and energy. Just make sure to store them in the container they come in, otherwise there is a chance they could start to disintegrate. Overall, the quality appears to be excellent and on par with other brands.","This supplement is highly recommended. The price is reasonable and the quality is high quality. However, the tablets tend to blow up when taken out of the container. This is not recommended for those who are sensitive to chemicals."
"a good product, compares to the original very good, for the fraction of the size. very convenient when traveling or living in the dorm, since the space is an issue there. there was no power cord, so that should be kept in mind. much better than nose generating apps.","This Marpac Sleep Mate is a small, portable white noise machine that is ideal for traveling. It only makes one type of sound, rain or water. The sound is robust and fills the room nicely. It is a good value for the money, but it is not recommended for those who don't want to deal with background noise."
"This sound machine is a great size for traveling and it runs on batteries. It's made to provide a pleasant atmosphere for sleep, not to drown out loud noises. It only has one sound effect available, rain water, which can be adjusted to go up or down in volume. Overall, it's a good product for creating quieter sounds. However, it's lack of options and low sound intensity makes it a bit overpriced.","This Marpac Sleep Mate is a small, portable white noise machine that is ideal for traveling. It only makes one type of sound, rain or water. The sound is robust and fills the room nicely. It is a good value for the money, but it is not recommended for those who don't want to deal with background noise."
"This Marpac sound machine is compact and sized for travel. It is rather limited in how the sound can be adjusted, but overall the sound itself fills the room and generally drowns out background noise. The build quality is lower than expected for a unit of this price, so waiting for a sale is recommended.","This Marpac Sleep Mate is a small, portable white noise machine that is ideal for traveling. It only makes one type of sound, rain or water. The sound is robust and fills the room nicely. It is a good value for the money, but it is not recommended for those who don't want to deal with background noise."
"These hooks are decent for hanging up very small things. Common household essentials such as oven mittens or kitchen towels are possible to hang up, but give a hassle with the hook sliding down. The magnets attach to the hooks are too small to handle many things, but are pretty strong for it's size.","These compact magnets are not strong enough to hold a lot of weight. They can hold a few items, but not much more. They have a micro sized magnet on the back, which makes them attractive, but they are not very strong. They are not recommended for hanging small items like keys or potholders."
These magnets come up short when it comes to delivering promises. The size of the magnets are fairly large but the magnets tend to be far too weak to actually hold anything up.,"These compact magnets are not strong enough to hold a lot of weight. They can hold a few items, but not much more. They have a micro sized magnet on the back, which makes them attractive, but they are not very strong. They are not recommended for hanging small items like keys or potholders."
These attractive compact magnets look good but are not very functional. Their small size makes the magnets very weak so they won't hold items like kitchen towels or even a heavier set of car keys. The tiny magnets look good as refrigerator decorations but are not recommended to purchase for use as a strong magnet.,"These compact magnets are not strong enough to hold a lot of weight. They can hold a few items, but not much more. They have a micro sized magnet on the back, which makes them attractive, but they are not very strong. They are not recommended for hanging small items like keys or potholders."
"overall impression of the product is negative. in some cases it works nicely, but the settings are confusing to adjust, sometimes it is not clear if they do anything at all. product is not worth the money that it costs, it better to avoid it.","The VuPoint Digital Scanner is very user-friendly and easy to use. The software is good for Windows XP and Vista, but will not work with Windows 7 or later. The company does not provide support or updates, so it is recommended against using this product."
"VuPoint Digital Scanner is an efficient scanning tools and easy to use. It is very good at converting old photos too. However, it has no updated version to work with latest software. There is also high rate charges when requesting for tech support in instance of error.","The VuPoint Digital Scanner is very user-friendly and easy to use. The software is good for Windows XP and Vista, but will not work with Windows 7 or later. The company does not provide support or updates, so it is recommended against using this product."
"The results with this scanner are sporadic at best- there are many problems with the software drivers and the stringent system requirements that come along with it. It does not work with the most recent versions of Windows, and the company charges for tech support calls.","The VuPoint Digital Scanner is very user-friendly and easy to use. The software is good for Windows XP and Vista, but will not work with Windows 7 or later. The company does not provide support or updates, so it is recommended against using this product."
"Bonine tablets are an excellent choice for preventing motion sickness. They effectively prevent motion sickness from cars, boats, and amusement park rides. A bonus: the chewable tablets do not cause drowsiness.","This is a great product for motion sickness. It doesn't make the user sleepy or drowsy, but it does help with the nausea. It's a great alternative to the traditional patch that goes behind the ear. The chewable tablets don't taste too bad and are easy to swallow. The only drawback is that it's not recommended for riding roller coasters."
"This is a very effective option for dealing with motion sickness. It can be used for car rides, amusement parks and even multi-day cruises, all without the side effects seen with Dramamine. This is an easy to take pill which won't cause drowsiness often works with one dose. It is a highly recommended product for prevention of motion sickness.","This is a great product for motion sickness. It doesn't make the user sleepy or drowsy, but it does help with the nausea. It's a great alternative to the traditional patch that goes behind the ear. The chewable tablets don't taste too bad and are easy to swallow. The only drawback is that it's not recommended for riding roller coasters."
This medication is a true lifesaver when it comes to motion sickness. The tablets are easy to take and easy to travel with and it seems to cause less drowsiness when compared to other medications of this type. It is good to always have this on hand just in case when traveling.,"This is a great product for motion sickness. It doesn't make the user sleepy or drowsy, but it does help with the nausea. It's a great alternative to the traditional patch that goes behind the ear. The chewable tablets don't taste too bad and are easy to swallow. The only drawback is that it's not recommended for riding roller coasters."
What an impressive Thomas the Train costume! It will fit any train loving toddler for at least a few Halloween seasons due to its roomy design. The candy pocket on the front is an adorable touch. And it's so stinkin' cute! Absolutely worth the price.,"This is a cute Thomas the Train costume that fits any age. The size is perfect and the candy pouch is large enough to carry a lot of candy. The hat is thin, but adds some extra flair to the outfit. The candy catcher is neat and colorful. Overall, this costume is highly recommended."
"A perfect Thomas Halloween costume, complete with an over-sized candy holding pouch. With plenty of room, this costume fits best for children 20 months to 3 years of age. It may even allow for multiple Halloween uses. The fabric is a little thin but overall, perfect quality for a Halloween costume. Kids absolutely love it!","This is a cute Thomas the Train costume that fits any age. The size is perfect and the candy pouch is large enough to carry a lot of candy. The hat is thin, but adds some extra flair to the outfit. The candy catcher is neat and colorful. Overall, this costume is highly recommended."
"This Thomas the Tank costume is perfect for small children. It fits most children up to five or six years old, and could even be used multiple times as the child grows. It has a handy pouch on the front that holds a large load of candy. The costume is highly recommended.","This is a cute Thomas the Train costume that fits any age. The size is perfect and the candy pouch is large enough to carry a lot of candy. The hat is thin, but adds some extra flair to the outfit. The candy catcher is neat and colorful. Overall, this costume is highly recommended."
"This is a good battery that is easy to install and works as a replacement for failed batteries. The price is good and a much cheaper alternative to use as a replacement. While there are instances of DOA batteries, most experiences are positive. With a good price and easy installation this battery is recommended.","This battery is of good quality and holds a charge well. It is a great value for the money and is easy to install as a replacement for a dead battery. It does have a tendency to bulge and may not last as long as advertised. However, it does come with a return guarantee which makes it a great buy."
"The battery offers a good affordable value and works as well as one would expect. Overall, shipping time is faster than expected and customer service is very reasonable when any issues do arise.","This battery is of good quality and holds a charge well. It is a great value for the money and is easy to install as a replacement for a dead battery. It does have a tendency to bulge and may not last as long as advertised. However, it does come with a return guarantee which makes it a great buy."
"This replacement battery is the same size used in many home alarms, computer power backups, etc. It is sized correctly, works well, and priced right. However, sometimes a battery shows up dead on arrival, and sometimes the vendor may substitute a different brand of unknown quality, so caution is advised when ordering.","This battery is of good quality and holds a charge well. It is a great value for the money and is easy to install as a replacement for a dead battery. It does have a tendency to bulge and may not last as long as advertised. However, it does come with a return guarantee which makes it a great buy."
"This chicken roaster works both in the oven and on the grill. It's a great way to cook a whole chicken and has a pan underneath to catch all the drippings. It can be used with a beer can or without, and holds a large chicken. It's a little tall, so it may not work in all ovens and barbecue grills.",This collapsible chicken roaster is a great alternative to rotisserie chicken. It holds up to 6-7 pounds of chicken and is easy to use. It has a drip pan that collects juices and is very durable. It is recommended for grilling or baking large portions of chicken.
"Excellent for cooking whole chickens perfectly when traditional grilling is not possible or inconvenient. Features a collapsible design and the drip pan underneath catches any drippings making for an easy clean up, or to use for basting. Best for medium sized chickens so it properly fits inside the oven or grill.",This collapsible chicken roaster is a great alternative to rotisserie chicken. It holds up to 6-7 pounds of chicken and is easy to use. It has a drip pan that collects juices and is very durable. It is recommended for grilling or baking large portions of chicken.
"The product is easy to use as well, has a collapsible design, and is very sturdy. The oven will hold a full size chicken, cooks evenly and leaves the meat moist. Also included is a drip pan for underneath to prevent major clean ups.",This collapsible chicken roaster is a great alternative to rotisserie chicken. It holds up to 6-7 pounds of chicken and is easy to use. It has a drip pan that collects juices and is very durable. It is recommended for grilling or baking large portions of chicken.
"This is a great ice maker that works quickly, is easy to use, and can be used in a variety of situations (camping, poolside, parties, etc). It is durable and reliable, even in extreme temperatures. Though it is different from a regular ice machine, it can be used to have ice 24/7.",This is a great ice maker for entertaining. It makes ice in minutes and is easy to use. It fits nicely on a patio or in a camper. It is reliable and easy to clean. It will last for years and is highly recommended.
"Awesome ice maker that is easy to use, makes ice quickly, and is much more reliable than most ice makers built into refrigerators. Works well for parties and entertaining, RV traveling, as well as to save money not needing to buy ice from the store. It will eventually pay for itself!",This is a great ice maker for entertaining. It makes ice in minutes and is easy to use. It fits nicely on a patio or in a camper. It is reliable and easy to clean. It will last for years and is highly recommended.
"This ice maker performs very well and consistently produces nice, large cubes of ice. It is well built and lasts for many years of use without issue even in extreme temperatures. Useful for parties, entertaining and camping, it's simple to operate, fast and efficient but does need to be manually emptied and cleaned.",This is a great ice maker for entertaining. It makes ice in minutes and is easy to use. It fits nicely on a patio or in a camper. It is reliable and easy to clean. It will last for years and is highly recommended.
This is a high quality easy to use tortilla maker. This machine can make delicious tortillas every time. The technique is easy to learn and can be mastered quickly so that every batch of tortillas made is fresh and delicious. This machine is highly recommended for easily making homemade tortillas.,"This tortilla maker is very easy to use. It requires some trial and error to get the technique right, but once it is, it is highly recommended. The price is reasonable and the ingredients are inexpensive. It is recommended for making tortillas for quick lunches or for making rotis."
"This is a very versatile machine and can make tortillas, crepes, pizzas, and similar items. It can save a family money over time since the ingredients needed are very cheap versus store bought items. It's easy and enjoyable to use. Overall, a good item for someone looking to cook their own tortillas.","This tortilla maker is very easy to use. It requires some trial and error to get the technique right, but once it is, it is highly recommended. The price is reasonable and the ingredients are inexpensive. It is recommended for making tortillas for quick lunches or for making rotis."
"This tortilla maker requires an initial learning period, but after some experience produces perfect tortillas which taste much better than store-bought alternatives. This machine is well worth the cost since over time money will be saved by not having to buy tortillas at the store. This machine is highly recommended.","This tortilla maker is very easy to use. It requires some trial and error to get the technique right, but once it is, it is highly recommended. The price is reasonable and the ingredients are inexpensive. It is recommended for making tortillas for quick lunches or for making rotis."
Purse looks great. The bag is cute and flashy but the size is smaller than expected overall. The stones and straps are not very durable and break or fall off easily.,"This purse is a nice looking bag, but the straps are to short and the stones tend to fall off. It's not a great bag for carrying a lot of items, but it's a nice bag that can be worn casually. Overall, this bag is not recommended."
"The purse is perfect in visually, with a beautiful look and shape. However, the bag is smaller than pictured and the straps of the purse break almost immediately. The decorative stones fall off often and the quality it cheap. Overall, it is not a recommended purchase.","This purse is a nice looking bag, but the straps are to short and the stones tend to fall off. It's not a great bag for carrying a lot of items, but it's a nice bag that can be worn casually. Overall, this bag is not recommended."
"This is a beautiful purse, but it lacks durability. The bag is poor quality and it's too small. The straps are also too short which can lead to them breaking off entirely. Another quality issue with this bag is that the stones fall off with continued use of the purse.","This purse is a nice looking bag, but the straps are to short and the stones tend to fall off. It's not a great bag for carrying a lot of items, but it's a nice bag that can be worn casually. Overall, this bag is not recommended."
"This solar charger works well at first and charges phones well but does not adequately charge iPads or Kindles. The LED flashlight is quite bright. Performance over time is not reliable as the charge battery begins to not hold charge. A battery charge level indicator would be helpful. Overall, a decent purchase for a backup or travel.","This solar charger is a great option for recharging a variety of devices. It can be charged with electricity or solar power making it a great backup for charging devices while out and about. It does not have enough juice to charge an iPad, but it does work with other devices. The flashlight is very bright and useful. Overall, this product is highly recommended."
The solar charger is good fit for travel bag. The LED light is one of the best function of this charger as its very bright. Though will recommend this charger to charge the cell phones only as it does not have capacity to charge other devices such as Tablets.,"This solar charger is a great option for recharging a variety of devices. It can be charged with electricity or solar power making it a great backup for charging devices while out and about. It does not have enough juice to charge an iPad, but it does work with other devices. The flashlight is very bright and useful. Overall, this product is highly recommended."
"This solar-powered charger performs inconsistently, charging some devices fully but failing to properly charge others. The LED flashlight is too bright  and there is no accurate display of charge level. It's not reliable enough for everyday use, but can be convenient for long trips without a consistent access to a power source.","This solar charger is a great option for recharging a variety of devices. It can be charged with electricity or solar power making it a great backup for charging devices while out and about. It does not have enough juice to charge an iPad, but it does work with other devices. The flashlight is very bright and useful. Overall, this product is highly recommended."
"These athletic shoes are comfortable and good looking. They fit well, provide good support and can be worn every day or for long outings. The shoes are true to size and have a good selection of colors. Overall, these are a great athletic shoe for the price. They are highly recommended.",These Reeboks are a great buy at a great price. They are very comfortable and provide great support for wide feet. They look nice and are durable. They run true to size and are highly recommended. They can be worn casually or for long distances.
"These shoes run true to size, do a good job supporting the arch of the foot and are well-suited for exercise. They're good looking, comfortable, and the sole feels soft and cushioned. Overall they are a nice, light-weight pair of shoes and come in a variety of stylish colors.",These Reeboks are a great buy at a great price. They are very comfortable and provide great support for wide feet. They look nice and are durable. They run true to size and are highly recommended. They can be worn casually or for long distances.
"These are very stylish, well-fitting, supportive sneakers. They are available in a variety of colors and can be worn casually anywhere. They are lightweight while still providing a lot of cushion to keep your feet feeling great. Highly recommended sneaker from Reebok",These Reeboks are a great buy at a great price. They are very comfortable and provide great support for wide feet. They look nice and are durable. They run true to size and are highly recommended. They can be worn casually or for long distances.
"This is a comfortable to wear tank, however, it runs small and the material feels a bit thin.  The length is actually average and not long, or tunic length as described.  Washes well, but expect a bit of shrinkage.  Overall, underwhelming and a tad overpriced for the quality of the garment received.","This is a basic tank top. The material is thin and the neck line is too short to provide adequate coverage. The fit is good, but the fit is not great. Overall, this is not a great quality tank."
"The tank top is advertised as a long, but is actually normal-to-short in length. It is fine for layering under other clothes, but the material is thin, and the tank is priced a little high for the quality. It is really not recommended for anything but wearing under other clothes.","This is a basic tank top. The material is thin and the neck line is too short to provide adequate coverage. The fit is good, but the fit is not great. Overall, this is not a great quality tank."
"This is a good looking and comfortable tank top. However, it is not a long tank top that will cover below the hips. The tank top is average length and it tends to run small sizewise. The quality is good but the material is thin making it good for layering.","This is a basic tank top. The material is thin and the neck line is too short to provide adequate coverage. The fit is good, but the fit is not great. Overall, this is not a great quality tank."
"This camera produces high-quality pictures and is the perfect size, making it very easy to carry. It has an impressive low light option that can be helpful in areas where flash is not allowed as well as a variety of configurations and features. Overall it's a fairly priced, decent starter camera.",This is a great camera for taking quality pictures. It's a great size and easy to use. The low light capability is very useful in conditions where flash is not allowed. The only drawback is the fact that an SD card is not included.
This high quality camera is a low cost alternative to a DSLR. The camera's easy to use but still has many useful features like low light and auto presets. It's a good size for carrying around and can be used in different lightings. SD card sold separately. Highly recommended for high quality professional photos.,This is a great camera for taking quality pictures. It's a great size and easy to use. The low light capability is very useful in conditions where flash is not allowed. The only drawback is the fact that an SD card is not included.
"Consumers love this camera for its small size (fits in a pocket), ease of use, clarity of the pictures, and the low light feature. The camera has auo presents and some other options. A limited internal memory makes an SD card a must. One complaint about the battery was registered.  Highly recommended.",This is a great camera for taking quality pictures. It's a great size and easy to use. The low light capability is very useful in conditions where flash is not allowed. The only drawback is the fact that an SD card is not included.
